this is run 0
1.475705194473266602e+01,7.561179669525204261e-01,6.158499697519661531e-01
3.312562298774719238e+01,7.387575820957958950e-01,6.733212341197821749e-01
3.235389828681945801e+01,7.492156452624973983e-01,6.860254083484573773e-01
2.790476226806640625e+01,7.538171930558460465e-01,6.781609195402298340e-01
2.798116993904113770e+01,7.475423551558251223e-01,6.981246218995765807e-01
2.799413609504699707e+01,7.358293244091194119e-01,7.132486388384754461e-01
2.829925417900085449e+01,7.580004183225266257e-01,6.987295825771324687e-01
2.821457815170288086e+01,7.617653210625392468e-01,6.908650937689050364e-01
2.771398925781250000e+01,7.659485463292198260e-01,6.950998185117966965e-01
2.782599186897277832e+01,7.565362894791884951e-01,7.005444646098003547e-01
2.800720691680908203e+01,7.594645471658648672e-01,7.029643073200242398e-01
2.805474305152893066e+01,7.709684166492365431e-01,6.938898971566848095e-01
2.816255307197570801e+01,7.661577075925538605e-01,6.975196612220205816e-01
2.818969750404357910e+01,7.684584814892282401e-01,6.926799758015729225e-01
2.806946349143981934e+01,7.582095795858606602e-01,7.035692679975801278e-01
2.827789425849914551e+01,7.690859652792302326e-01,6.987295825771324687e-01
2.837476396560668945e+01,7.674126751725580675e-01,6.999395039322443557e-01
2.787773513793945312e+01,7.688768040158963091e-01,6.963097398669086946e-01
2.774555730819702148e+01,7.636477724325454464e-01,6.987295825771324687e-01
2.790194821357727051e+01,7.747333193892491643e-01,6.890502117362371504e-01
2.786206507682800293e+01,7.630202886425434539e-01,6.969147005444645826e-01
2.801681375503540039e+01,7.761974482325872948e-01,6.932849364791288105e-01
2.812104177474975586e+01,7.600920309558669707e-01,7.047791893526921259e-01
2.804201292991638184e+01,7.496339677891654674e-01,7.168784029038112182e-01
2.810648202896118164e+01,7.423133235724743706e-01,7.283726557773744226e-01
2.833057308197021484e+01,7.341560343024471358e-01,7.362371445856019658e-01
2.815534543991088867e+01,7.291361639824304186e-01,7.410768300060496250e-01
2.808229017257690430e+01,7.347835180924492393e-01,7.338173018753780807e-01
2.820173788070678711e+01,7.287178414557623496e-01,7.404718693284936260e-01
2.809817290306091309e+01,7.372934532524576534e-01,7.289776164549304216e-01
2.798902177810668945e+01,7.398033884124659565e-01,7.326073805202661937e-01
2.797494697570800781e+01,7.356201631457853773e-01,7.350272232304899678e-01
2.837897109985351562e+01,7.289270027190963841e-01,7.386569872958257399e-01
2.867082309722900391e+01,7.255804225057519430e-01,7.398669086509377379e-01
2.854834604263305664e+01,7.339468730391131013e-01,7.356321839080459668e-01
2.840050125122070312e+01,7.343651955657811703e-01,7.326073805202661937e-01
2.817510032653808594e+01,7.335285505124451433e-01,7.338173018753780807e-01
2.805786538124084473e+01,7.272537126124242191e-01,7.410768300060496250e-01
2.813518524169921875e+01,7.289270027190963841e-01,7.422867513611615120e-01
2.808626365661621094e+01,7.324827441957749707e-01,7.344222625529340798e-01
2.816296863555908203e+01,7.282995189290942806e-01,7.344222625529340798e-01
2.829369711875915527e+01,7.259987450324200120e-01,7.398669086509377379e-01
2.821123623847961426e+01,7.312277766157707637e-01,7.332123411978221927e-01
2.815786218643188477e+01,7.278811964024263226e-01,7.338173018753780807e-01
2.851094293594360352e+01,7.253712612424179085e-01,7.410768300060496250e-01
2.857297778129577637e+01,7.253712612424179085e-01,7.428917120387175110e-01
2.818632912635803223e+01,7.272537126124242191e-01,7.441016333938293981e-01
2.795131850242614746e+01,7.289270027190963841e-01,7.320024198427101947e-01
2.804487133026123047e+01,7.243254549257477359e-01,7.453115547489412851e-01
2.852642107009887695e+01,7.318552604057728672e-01,7.338173018753780807e-01
2.843570995330810547e+01,7.264170675590880810e-01,7.374470659407138529e-01
2.817206788063049316e+01,7.259987450324200120e-01,7.386569872958257399e-01
2.802906203269958496e+01,7.230704873457435289e-01,7.404718693284936260e-01
2.800760912895202637e+01,7.287178414557623496e-01,7.368421052631578538e-01
2.833890128135681152e+01,7.247437774524158050e-01,7.422867513611615120e-01
2.829947614669799805e+01,7.230704873457435289e-01,7.410768300060496250e-01
2.814643979072570801e+01,7.241162936624137014e-01,7.398669086509377379e-01
2.825614500045776367e+01,7.262079062957540465e-01,7.368421052631578538e-01
2.821745920181274414e+01,7.241162936624137014e-01,7.386569872958257399e-01
2.824302816390991211e+01,7.293453252457644531e-01,7.320024198427101947e-01
2.818817424774169922e+01,7.144948755490483361e-01,7.501512401693889442e-01
2.817641210556030273e+01,7.255804225057519430e-01,7.422867513611615120e-01
2.825814366340637207e+01,7.247437774524158050e-01,7.416817906836055130e-01
2.815614151954650879e+01,7.272537126124242191e-01,7.392619479733817389e-01
2.820295691490173340e+01,7.306002928257686602e-01,7.307924984875983077e-01
2.804287600517272949e+01,7.264170675590880810e-01,7.398669086509377379e-01
2.803566718101501465e+01,7.249529387157498395e-01,7.416817906836055130e-01
2.839151024818420410e+01,7.211880359757373293e-01,7.471264367816091712e-01
2.836537694931030273e+01,7.220246810290734674e-01,7.434966727162733990e-01
2.834996104240417480e+01,7.262079062957540465e-01,7.428917120387175110e-01
2.835033893585205078e+01,7.207697134490692603e-01,7.416817906836055130e-01
2.817069101333618164e+01,7.176322944990587427e-01,7.477313974591651702e-01
2.802186751365661621e+01,7.199330683957331223e-01,7.483363581367210582e-01
2.821191930770874023e+01,7.257895837690859775e-01,7.374470659407138529e-01
2.848601984977722168e+01,7.228613260824094944e-01,7.404718693284936260e-01
2.828543591499328613e+01,7.226521648190754599e-01,7.410768300060496250e-01
2.809886002540588379e+01,7.253712612424179085e-01,7.392619479733817389e-01
2.807028269767761230e+01,7.213971972390713638e-01,7.398669086509377379e-01
2.812156963348388672e+01,7.287178414557623496e-01,7.362371445856019658e-01
2.816190886497497559e+01,7.550721606358502536e-01,7.138535995160314451e-01

 this is run 1
1.402518129348754883e+01,6.998535871156661425e-01,6.932849364791288105e-01
2.817842841148376465e+01,7.379209370424597569e-01,6.799758015728977201e-01
2.838460206985473633e+01,7.686676427525622746e-01,6.672716273442226287e-01
2.826644778251647949e+01,7.690859652792302326e-01,6.696914700544465138e-01
2.803765583038330078e+01,7.623928048525413503e-01,6.848154869933453792e-01
2.785189986228942871e+01,7.741058355992470608e-01,6.793708408953418321e-01
2.808579087257385254e+01,7.774524158125915019e-01,6.769509981851179470e-01
2.808040213584899902e+01,7.764066094959213293e-01,6.817906836055656061e-01
2.817631697654724121e+01,7.799623509725999160e-01,6.787658802177858330e-01
2.845648169517517090e+01,7.851913825559506677e-01,6.769509981851179470e-01
2.816351699829101562e+01,7.837272537126124261e-01,6.811857229280097181e-01
2.812616920471191406e+01,7.736875130725789917e-01,6.914700544464610354e-01
2.816829895973205566e+01,7.784982221292616744e-01,6.842105263157894912e-01
2.816039204597473145e+01,7.778707383392595709e-01,6.890502117362371504e-01
3.384527015686035156e+01,7.772432545492574674e-01,6.878402903811252633e-01
3.949746513366699219e+01,7.812173185526040120e-01,6.811857229280097181e-01
3.917139410972595215e+01,7.764066094959213293e-01,6.914700544464610354e-01
3.921997094154357910e+01,7.759882869692532603e-01,6.902601330913490374e-01
3.928056597709655762e+01,7.820539636059401500e-01,6.836055656382334922e-01
3.900846219062805176e+01,7.810081572892699775e-01,6.920750151240169235e-01
3.906755518913269043e+01,7.749424806525830878e-01,6.902601330913490374e-01
3.990201711654663086e+01,7.759882869692532603e-01,6.890502117362371504e-01
4.045374107360839844e+01,7.849822212926166332e-01,6.848154869933453792e-01
4.024139189720153809e+01,7.772432545492574674e-01,6.872353297035692643e-01
4.011276602745056152e+01,7.833089311859443571e-01,6.836055656382334922e-01
3.987630891799926758e+01,7.736875130725789917e-01,6.987295825771324687e-01
3.997925257682800293e+01,7.841455762392804951e-01,6.836055656382334922e-01
3.998615169525146484e+01,7.847730600292825986e-01,6.805807622504537191e-01
3.983422684669494629e+01,7.826814473959422536e-01,6.823956442831216052e-01
3.999583101272583008e+01,7.833089311859443571e-01,6.848154869933453792e-01
4.180570101737976074e+01,7.764066094959213293e-01,6.920750151240169235e-01
4.154104614257812500e+01,7.856097050826187367e-01,6.817906836055656061e-01
3.963737821578979492e+01,7.860280276092868057e-01,6.763460375075620590e-01
3.958470821380615234e+01,7.782890608659276399e-01,6.854204476709013782e-01
3.967562627792358398e+01,7.856097050826187367e-01,6.830006049606776042e-01
3.964167284965515137e+01,7.826814473959422536e-01,6.848154869933453792e-01
3.917617464065551758e+01,7.782890608659276399e-01,6.914700544464610354e-01
3.958545374870300293e+01,7.841455762392804951e-01,6.823956442831216052e-01
3.974551987648010254e+01,7.795440284459318470e-01,6.914700544464610354e-01
3.923390579223632812e+01,7.847730600292825986e-01,6.830006049606776042e-01
3.903166604042053223e+01,7.826814473959422536e-01,6.842105263157894912e-01
3.894817018508911133e+01,7.818448023426061155e-01,6.890502117362371504e-01
3.894096994400024414e+01,7.837272537126124261e-01,6.854204476709013782e-01
3.896722507476806641e+01,7.795440284459318470e-01,6.896551724137931494e-01
3.868695330619812012e+01,7.847730600292825986e-01,6.805807622504537191e-01
3.905903625488281250e+01,7.747333193892491643e-01,6.908650937689050364e-01
3.950311803817749023e+01,7.833089311859443571e-01,6.860254083484573773e-01
3.966315102577209473e+01,7.814264798159380465e-01,6.896551724137931494e-01
4.009597611427307129e+01,7.877013177159589707e-01,6.811857229280097181e-01
3.959385108947753906e+01,7.816356410792720810e-01,6.836055656382334922e-01
3.894588899612426758e+01,7.868646726626228327e-01,6.823956442831216052e-01
3.903027677536010742e+01,7.791257059192637779e-01,6.896551724137931494e-01
3.880636692047119141e+01,7.862371888726208402e-01,6.854204476709013782e-01
3.882804226875305176e+01,7.847730600292825986e-01,6.781609195402298340e-01
3.921878814697265625e+01,7.810081572892699775e-01,6.854204476709013782e-01
3.863148212432861328e+01,7.860280276092868057e-01,6.878402903811252633e-01
3.870200109481811523e+01,7.872829951892909017e-01,6.836055656382334922e-01
3.923196220397949219e+01,7.839364149759464606e-01,6.860254083484573773e-01
3.959636616706848145e+01,7.835180924492783916e-01,6.860254083484573773e-01
3.967032504081726074e+01,7.847730600292825986e-01,6.842105263157894912e-01
3.971249294281005859e+01,7.814264798159380465e-01,6.908650937689050364e-01
3.977635788917541504e+01,7.854005438192847022e-01,6.823956442831216052e-01
3.919789099693298340e+01,7.801715122359339505e-01,6.872353297035692643e-01
3.884335088729858398e+01,7.822631248692741845e-01,6.884452510586811513e-01
3.889352083206176758e+01,7.824722861326082191e-01,6.842105263157894912e-01
3.892210602760314941e+01,7.768249320225893984e-01,6.926799758015729225e-01
3.877133202552795410e+01,7.889562852959631778e-01,6.823956442831216052e-01
3.893194413185119629e+01,7.761974482325872948e-01,6.926799758015729225e-01
3.950162005424499512e+01,7.860280276092868057e-01,6.799758015728977201e-01
4.053869485855102539e+01,7.730600292825768882e-01,6.969147005444645826e-01
4.052346992492675781e+01,7.851913825559506677e-01,6.878402903811252633e-01
3.958526301383972168e+01,7.814264798159380465e-01,6.902601330913490374e-01
3.922119617462158203e+01,7.904204141393014194e-01,6.823956442831216052e-01
3.949945616722106934e+01,7.835180924492783916e-01,6.878402903811252633e-01
3.966761422157287598e+01,7.860280276092868057e-01,6.848154869933453792e-01
3.933598113059997559e+01,7.782890608659276399e-01,6.963097398669086946e-01
3.910961079597473145e+01,7.908387366659694884e-01,6.787658802177858330e-01
3.875183272361755371e+01,7.851913825559506677e-01,6.872353297035692643e-01
3.906859612464904785e+01,7.877013177159589707e-01,6.836055656382334922e-01
3.931284523010253906e+01,7.826814473959422536e-01,6.902601330913490374e-01

 this is run 2
1.959137201309204102e+01,5.224848358084083211e-01,8.088324258923169641e-01
3.925106096267700195e+01,7.513072578958377434e-01,6.811857229280097181e-01
3.920875430107116699e+01,7.611378372725371433e-01,6.799758015728977201e-01
3.932894945144653320e+01,7.586279021125287292e-01,6.957047791893526956e-01
3.916929101943969727e+01,7.508889353691696744e-01,7.035692679975801278e-01
3.870266604423522949e+01,7.523530642125078050e-01,7.065940713853599009e-01
3.897499322891235352e+01,7.504706128425016054e-01,7.108287961282516720e-01
3.926401925086975098e+01,7.460782263124868807e-01,7.102238354506956730e-01
3.891038417816162109e+01,7.358293244091194119e-01,7.168784029038112182e-01
3.918815612792968750e+01,7.485881614724952948e-01,7.120387174833635591e-01
4.006415700912475586e+01,7.383392595691278260e-01,7.241379310344827624e-01
3.988224196434020996e+01,7.339468730391131013e-01,7.247428917120387615e-01
3.954268980026245117e+01,7.510980966325037089e-01,7.108287961282516720e-01
3.957602977752685547e+01,7.366659694624555499e-01,7.205081669691469903e-01
3.931561303138732910e+01,7.398033884124659565e-01,7.174833635813672172e-01
3.913871812820434570e+01,7.381300983057937914e-01,7.241379310344827624e-01
3.913536024093627930e+01,7.349926793557832738e-01,7.247428917120387615e-01
3.903427290916442871e+01,7.412675172558041981e-01,7.156684815486993312e-01
3.903581476211547852e+01,7.400125496757999910e-01,7.162734422262553302e-01
3.911195731163024902e+01,7.379209370424597569e-01,7.211131276467029894e-01
3.901414012908935547e+01,7.410583559924701635e-01,7.144585601935874442e-01
3.910676884651184082e+01,7.439866136791466467e-01,7.138535995160314451e-01
3.937460637092590332e+01,7.410583559924701635e-01,7.199032062915909913e-01
3.963816833496093750e+01,7.375026145157916879e-01,7.186932849364791043e-01
3.949439096450805664e+01,7.360384856724534464e-01,7.259528130671506485e-01
3.939107203483581543e+01,7.425224848358084051e-01,7.186932849364791043e-01
3.951014113426208496e+01,7.387575820957958950e-01,7.192982456140351033e-01
3.937813186645507812e+01,7.366659694624555499e-01,7.186932849364791043e-01
3.953087282180786133e+01,7.375026145157916879e-01,7.211131276467029894e-01
3.944008517265319824e+01,7.345743568291152048e-01,7.271627344222625355e-01
3.914492321014404297e+01,7.433591298891445431e-01,7.168784029038112182e-01
3.909918212890625000e+01,7.318552604057728672e-01,7.320024198427101947e-01
3.924826812744140625e+01,7.360384856724534464e-01,7.229280096793708754e-01
3.934977483749389648e+01,7.379209370424597569e-01,7.223230490018148764e-01
3.926725697517395020e+01,7.347835180924492393e-01,7.259528130671506485e-01
3.908239817619323730e+01,7.347835180924492393e-01,7.205081669691469903e-01
3.892569780349731445e+01,7.523530642125078050e-01,7.023593466424682408e-01
3.875953197479248047e+01,7.467057101024889842e-01,7.156684815486993312e-01
3.872246837615966797e+01,7.312277766157707637e-01,7.277676950998185346e-01
3.883826923370361328e+01,7.362476469357874809e-01,7.223230490018148764e-01
3.856934714317321777e+01,7.324827441957749707e-01,7.295825771324864206e-01
3.866784524917602539e+01,7.393850658857979985e-01,7.217180883242588774e-01
3.908185601234436035e+01,7.295544865090984876e-01,7.320024198427101947e-01
3.905630278587341309e+01,7.308094540891026947e-01,7.265577737447066475e-01
3.895710492134094238e+01,7.389667433591299295e-01,7.199032062915909913e-01
3.952125191688537598e+01,7.352018406191173083e-01,7.247428917120387615e-01
4.000507593154907227e+01,7.358293244091194119e-01,7.253478523895946495e-01
4.018242597579956055e+01,7.379209370424597569e-01,7.211131276467029894e-01
4.039346790313720703e+01,7.349926793557832738e-01,7.271627344222625355e-01
4.024018597602844238e+01,7.412675172558041981e-01,7.120387174833635591e-01
4.007044577598571777e+01,7.295544865090984876e-01,7.283726557773744226e-01
3.981754183769226074e+01,7.308094540891026947e-01,7.271627344222625355e-01
3.964937520027160645e+01,7.310186153524367292e-01,7.253478523895946495e-01
4.056083798408508301e+01,7.285086801924283151e-01,7.253478523895946495e-01
4.044803500175476074e+01,7.358293244091194119e-01,7.186932849364791043e-01
4.092561316490173340e+01,7.306002928257686602e-01,7.295825771324864206e-01
4.141611099243164062e+01,7.297636477724325221e-01,7.277676950998185346e-01
4.100488090515136719e+01,7.372934532524576534e-01,7.211131276467029894e-01
4.088509702682495117e+01,7.308094540891026947e-01,7.223230490018148764e-01
4.052986598014831543e+01,7.280903576657602461e-01,7.223230490018148764e-01
4.036791086196899414e+01,7.316460991424388327e-01,7.241379310344827624e-01
4.073961305618286133e+01,7.308094540891026947e-01,7.211131276467029894e-01
4.040557098388671875e+01,7.282995189290942806e-01,7.265577737447066475e-01
4.067360877990722656e+01,7.364568081991215154e-01,7.180883242589232163e-01
4.115291666984558105e+01,7.220246810290734674e-01,7.271627344222625355e-01
4.067860198020935059e+01,7.312277766157707637e-01,7.205081669691469903e-01
4.062741327285766602e+01,7.230704873457435289e-01,7.277676950998185346e-01
4.086982417106628418e+01,7.333193892491111088e-01,7.199032062915909913e-01
4.067380928993225098e+01,7.347835180924492393e-01,7.247428917120387615e-01
4.023717117309570312e+01,7.289270027190963841e-01,7.253478523895946495e-01
4.030342912673950195e+01,7.272537126124242191e-01,7.295825771324864206e-01
4.032854413986206055e+01,7.314369378791047982e-01,7.247428917120387615e-01
4.040394687652587891e+01,7.324827441957749707e-01,7.235329703569267634e-01
4.096967864036560059e+01,7.289270027190963841e-01,7.265577737447066475e-01
4.096933674812316895e+01,7.308094540891026947e-01,7.192982456140351033e-01
4.056804394721984863e+01,7.289270027190963841e-01,7.235329703569267634e-01
4.033057332038879395e+01,7.331102279857770743e-01,7.174833635813672172e-01
4.072160029411315918e+01,7.268353900857561500e-01,7.259528130671506485e-01
4.113943505287170410e+01,7.295544865090984876e-01,7.253478523895946495e-01
4.109570193290710449e+01,7.285086801924283151e-01,7.289776164549304216e-01

 this is run 3
2.003968620300292969e+01,4.040995607613470098e-01,8.790078644888081882e-01
4.061821722984313965e+01,7.318552604057728672e-01,6.914700544464610354e-01
4.062889719009399414e+01,7.544446768458481500e-01,6.842105263157894912e-01
4.066065502166748047e+01,7.521439029491737704e-01,6.932849364791288105e-01
4.051034569740295410e+01,7.621836435892073158e-01,6.975196612220205816e-01
4.016614413261413574e+01,7.533988705291779775e-01,7.023593466424682408e-01
3.999539422988891602e+01,7.510980966325037089e-01,7.114337568058076711e-01
4.060410189628601074e+01,7.508889353691696744e-01,7.192982456140351033e-01
4.104887294769287109e+01,7.485881614724952948e-01,7.138535995160314451e-01
4.192702078819274902e+01,7.433591298891445431e-01,7.241379310344827624e-01
4.206630182266235352e+01,7.485881614724952948e-01,7.174833635813672172e-01
4.108841776847839355e+01,7.375026145157916879e-01,7.235329703569267634e-01
4.068737196922302246e+01,7.479606776824931913e-01,7.192982456140351033e-01
4.082230710983276367e+01,7.669943526458899985e-01,7.053841500302480139e-01
4.102125358581542969e+01,7.603011922192010053e-01,7.065940713853599009e-01
4.097316861152648926e+01,7.531897092658439430e-01,7.162734422262553302e-01
4.089807295799255371e+01,7.713867391759046122e-01,7.041742286751361268e-01
4.141522407531738281e+01,7.801715122359339505e-01,6.884452510586811513e-01
4.091992592811584473e+01,7.563271282158544606e-01,7.120387174833635591e-01
4.182451081275939941e+01,7.638569336958794809e-01,7.090139140955837860e-01
4.257313704490661621e+01,7.513072578958377434e-01,7.180883242589232163e-01
4.057319903373718262e+01,7.485881614724952948e-01,7.174833635813672172e-01
4.018112301826477051e+01,7.423133235724743706e-01,7.186932849364791043e-01
3.977097821235656738e+01,7.446140974691487502e-01,7.211131276467029894e-01
3.973653221130371094e+01,7.345743568291152048e-01,7.289776164549304216e-01
3.990854692459106445e+01,7.400125496757999910e-01,7.259528130671506485e-01
3.974369072914123535e+01,7.297636477724325221e-01,7.386569872958257399e-01
3.939447402954101562e+01,7.416858397824722671e-01,7.235329703569267634e-01
3.941438913345336914e+01,7.337377117757791778e-01,7.301875378100423086e-01
3.960100769996643066e+01,7.329010667224430398e-01,7.362371445856019658e-01
4.037131381034851074e+01,7.337377117757791778e-01,7.398669086509377379e-01
4.081874728202819824e+01,7.441957749424806812e-01,7.235329703569267634e-01
4.055640506744384766e+01,7.339468730391131013e-01,7.259528130671506485e-01
4.165789794921875000e+01,7.337377117757791778e-01,7.338173018753780807e-01
4.153658890724182129e+01,7.425224848358084051e-01,7.307924984875983077e-01
4.016579174995422363e+01,7.356201631457853773e-01,7.320024198427101947e-01
4.015656018257141113e+01,7.297636477724325221e-01,7.374470659407138529e-01
4.022283720970153809e+01,7.452415812591508537e-01,7.223230490018148764e-01
4.059076380729675293e+01,7.339468730391131013e-01,7.344222625529340798e-01
4.040602707862854004e+01,7.352018406191173083e-01,7.326073805202661937e-01
4.052935147285461426e+01,7.360384856724534464e-01,7.338173018753780807e-01
4.102974534034729004e+01,7.385484208324618605e-01,7.217180883242588774e-01
4.051937413215637207e+01,7.343651955657811703e-01,7.271627344222625355e-01
4.045969295501708984e+01,7.320644216691069017e-01,7.320024198427101947e-01
4.085941791534423828e+01,7.400125496757999910e-01,7.277676950998185346e-01
4.128225827217102051e+01,7.333193892491111088e-01,7.380520266182698519e-01
4.141174125671386719e+01,7.352018406191173083e-01,7.350272232304899678e-01
4.083760094642639160e+01,7.318552604057728672e-01,7.313974591651543067e-01
4.023665213584899902e+01,7.364568081991215154e-01,7.241379310344827624e-01
3.952818989753723145e+01,7.264170675590880810e-01,7.356321839080459668e-01
3.990241885185241699e+01,7.393850658857979985e-01,7.259528130671506485e-01
4.018119001388549805e+01,7.314369378791047982e-01,7.320024198427101947e-01
4.067999958992004395e+01,7.381300983057937914e-01,7.235329703569267634e-01
4.086191987991333008e+01,7.314369378791047982e-01,7.320024198427101947e-01
4.043941617012023926e+01,7.358293244091194119e-01,7.277676950998185346e-01
4.069359731674194336e+01,7.333193892491111088e-01,7.283726557773744226e-01
4.022591209411621094e+01,7.264170675590880810e-01,7.416817906836055130e-01
4.242250704765319824e+01,7.247437774524158050e-01,7.380520266182698519e-01
4.236664724349975586e+01,7.308094540891026947e-01,7.338173018753780807e-01
3.921249389648437500e+01,7.408491947291361290e-01,7.235329703569267634e-01
3.982169771194458008e+01,7.318552604057728672e-01,7.320024198427101947e-01
4.048986077308654785e+01,7.316460991424388327e-01,7.332123411978221927e-01
4.095409202575683594e+01,7.312277766157707637e-01,7.283726557773744226e-01
4.113758778572082520e+01,7.295544865090984876e-01,7.332123411978221927e-01
4.050296378135681152e+01,7.343651955657811703e-01,7.301875378100423086e-01
4.034710311889648438e+01,7.362476469357874809e-01,7.289776164549304216e-01
4.039292883872985840e+01,7.306002928257686602e-01,7.313974591651543067e-01
4.006461763381958008e+01,7.358293244091194119e-01,7.277676950998185346e-01
4.008525490760803223e+01,7.312277766157707637e-01,7.320024198427101947e-01
4.027717137336730957e+01,7.322735829324409362e-01,7.313974591651543067e-01
4.085530328750610352e+01,7.289270027190963841e-01,7.313974591651543067e-01
4.099178814888000488e+01,7.310186153524367292e-01,7.283726557773744226e-01
4.098736023902893066e+01,7.218155197657394329e-01,7.398669086509377379e-01
4.192594599723815918e+01,7.410583559924701635e-01,7.235329703569267634e-01
4.170825195312500000e+01,7.253712612424179085e-01,7.392619479733817389e-01
4.092039227485656738e+01,7.385484208324618605e-01,7.223230490018148764e-01
4.099805808067321777e+01,7.276720351390922881e-01,7.350272232304899678e-01
4.087000083923339844e+01,7.316460991424388327e-01,7.271627344222625355e-01
4.074112701416015625e+01,7.406400334658020945e-01,7.150635208711433322e-01
4.055759978294372559e+01,7.377117757791257224e-01,7.271627344222625355e-01

 this is run 4
2.086112689971923828e+01,6.691068814055637359e-01,7.332123411978221927e-01
4.076064872741699219e+01,7.347835180924492393e-01,6.950998185117966965e-01
4.047210192680358887e+01,7.697134490692323361e-01,6.715063520871142888e-01
4.051693224906921387e+01,7.642752562225475499e-01,6.799758015728977201e-01
4.030194020271301270e+01,7.678309976992261365e-01,6.830006049606776042e-01
4.061054491996765137e+01,7.575820957958585566e-01,6.932849364791288105e-01
4.120287895202636719e+01,7.603011922192010053e-01,6.920750151240169235e-01
4.122179317474365234e+01,7.450324199958168192e-01,7.168784029038112182e-01
4.153526425361633301e+01,7.504706128425016054e-01,7.059891107078040129e-01
4.357119321823120117e+01,7.513072578958377434e-01,7.090139140955837860e-01
4.301872825622558594e+01,7.444049362058147157e-01,7.144585601935874442e-01
4.056038498878479004e+01,7.487973227358293293e-01,7.162734422262553302e-01
4.090583372116088867e+01,7.536080317925120120e-01,7.084089534180277870e-01
4.129226112365722656e+01,7.554904831625183226e-01,7.053841500302480139e-01
4.121584534645080566e+01,7.448232587324827847e-01,7.126436781609195581e-01
4.147633314132690430e+01,7.504706128425016054e-01,7.126436781609195581e-01
4.167052984237670898e+01,7.402217109391340255e-01,7.205081669691469903e-01
4.205262470245361328e+01,7.548629993725162191e-01,7.065940713853599009e-01
4.233895897865295410e+01,7.508889353691696744e-01,7.138535995160314451e-01
4.191121625900268555e+01,7.519347416858397359e-01,7.162734422262553302e-01
4.121380710601806641e+01,7.439866136791466467e-01,7.192982456140351033e-01
4.115785312652587891e+01,7.554904831625183226e-01,7.108287961282516720e-01
4.170404815673828125e+01,7.444049362058147157e-01,7.223230490018148764e-01
3.548850607872009277e+01,7.439866136791466467e-01,7.211131276467029894e-01
2.950338411331176758e+01,7.510980966325037089e-01,7.120387174833635591e-01
2.994287610054016113e+01,7.391759046224639640e-01,7.271627344222625355e-01
2.914131593704223633e+01,7.349926793557832738e-01,7.301875378100423086e-01
2.909875702857971191e+01,7.408491947291361290e-01,7.265577737447066475e-01
2.908157014846801758e+01,7.500522903158335364e-01,7.186932849364791043e-01
2.934542632102966309e+01,7.473331938924910878e-01,7.223230490018148764e-01
2.917899322509765625e+01,7.462873875758209152e-01,7.211131276467029894e-01
2.946638512611389160e+01,7.421041623091403361e-01,7.271627344222625355e-01
2.949114537239074707e+01,7.475423551558251223e-01,7.186932849364791043e-01
2.886143517494201660e+01,7.395942271491320330e-01,7.277676950998185346e-01
3.158269309997558594e+01,7.458690650491528462e-01,7.199032062915909913e-01
3.328771924972534180e+01,7.418950010458063016e-01,7.277676950998185346e-01
3.302824115753173828e+01,7.454507425224848882e-01,7.259528130671506485e-01
3.290320110321044922e+01,7.402217109391340255e-01,7.289776164549304216e-01
3.182397818565368652e+01,7.450324199958168192e-01,7.247428917120387615e-01
3.173638820648193359e+01,7.412675172558041981e-01,7.235329703569267634e-01
3.230403208732604980e+01,7.481698389458272258e-01,7.253478523895946495e-01
3.137950968742370605e+01,7.400125496757999910e-01,7.283726557773744226e-01
3.077127695083618164e+01,7.473331938924910878e-01,7.235329703569267634e-01
3.232104706764221191e+01,7.448232587324827847e-01,7.199032062915909913e-01
3.172419381141662598e+01,7.425224848358084051e-01,7.247428917120387615e-01
3.268007397651672363e+01,7.375026145157916879e-01,7.253478523895946495e-01
4.380327272415161133e+01,7.370842919891236189e-01,7.277676950998185346e-01
4.472263574600219727e+01,7.464965488391549497e-01,7.235329703569267634e-01
4.067356181144714355e+01,7.473331938924910878e-01,7.205081669691469903e-01
3.965960884094238281e+01,7.431499686258105086e-01,7.277676950998185346e-01
3.550228810310363770e+01,7.393850658857979985e-01,7.259528130671506485e-01
3.620930409431457520e+01,7.469148713658230188e-01,7.241379310344827624e-01
3.700825715065002441e+01,7.356201631457853773e-01,7.283726557773744226e-01
3.583776116371154785e+01,7.404308722024680600e-01,7.265577737447066475e-01
3.355527615547180176e+01,7.408491947291361290e-01,7.241379310344827624e-01
3.280890798568725586e+01,7.412675172558041981e-01,7.223230490018148764e-01
3.250271034240722656e+01,7.418950010458063016e-01,7.247428917120387615e-01
3.522842335700988770e+01,7.431499686258105086e-01,7.277676950998185346e-01
3.907308864593505859e+01,7.404308722024680600e-01,7.259528130671506485e-01
3.387418961524963379e+01,7.425224848358084051e-01,7.283726557773744226e-01
2.804618287086486816e+01,7.450324199958168192e-01,7.211131276467029894e-01
2.862767982482910156e+01,7.433591298891445431e-01,7.217180883242588774e-01
2.863567113876342773e+01,7.412675172558041981e-01,7.150635208711433322e-01
2.861664819717407227e+01,7.406400334658020945e-01,7.271627344222625355e-01
2.842005181312561035e+01,7.379209370424597569e-01,7.223230490018148764e-01
2.877208685874938965e+01,7.352018406191173083e-01,7.247428917120387615e-01
2.873210883140563965e+01,7.372934532524576534e-01,7.307924984875983077e-01
2.880914592742919922e+01,7.331102279857770743e-01,7.313974591651543067e-01
2.883910822868347168e+01,7.450324199958168192e-01,7.217180883242588774e-01
2.812492227554321289e+01,7.391759046224639640e-01,7.211131276467029894e-01
2.837981796264648438e+01,7.375026145157916879e-01,7.307924984875983077e-01
2.831050682067871094e+01,7.427316460991424396e-01,7.211131276467029894e-01
2.831945586204528809e+01,7.412675172558041981e-01,7.174833635813672172e-01
2.886135101318359375e+01,7.437774524158126122e-01,7.174833635813672172e-01
2.894478487968444824e+01,7.506797741058356399e-01,7.090139140955837860e-01
2.924149465560913086e+01,7.360384856724534464e-01,7.235329703569267634e-01
2.902200102806091309e+01,7.395942271491320330e-01,7.180883242589232163e-01
2.852493023872375488e+01,7.398033884124659565e-01,7.192982456140351033e-01
2.918137598037719727e+01,7.393850658857979985e-01,7.223230490018148764e-01
2.932817482948303223e+01,7.441957749424806812e-01,7.205081669691469903e-01

 this is run 5
1.409079289436340332e+01,6.002928257686676039e-01,7.344222625529340798e-01
2.821791291236877441e+01,7.540263543191800810e-01,6.418632788868723349e-01
2.834666895866394043e+01,7.676218364358921020e-01,6.702964307320024018e-01
2.839734387397766113e+01,7.556996444258523571e-01,7.005444646098003547e-01
2.844078779220581055e+01,7.521439029491737704e-01,7.065940713853599009e-01
2.857958698272705078e+01,7.567454507425225296e-01,7.071990320629158999e-01
2.850637722015380859e+01,7.559088056891863916e-01,7.078039927404718989e-01
2.919649791717529297e+01,7.400125496757999910e-01,7.247428917120387615e-01
2.931266474723815918e+01,7.513072578958377434e-01,7.150635208711433322e-01
2.923465490341186523e+01,7.469148713658230188e-01,7.174833635813672172e-01
2.927707386016845703e+01,7.452415812591508537e-01,7.217180883242588774e-01
2.890997982025146484e+01,7.458690650491528462e-01,7.277676950998185346e-01
2.875557804107666016e+01,7.441957749424806812e-01,7.271627344222625355e-01
2.901514124870300293e+01,7.506797741058356399e-01,7.199032062915909913e-01
2.951845741271972656e+01,7.494248065258314329e-01,7.229280096793708754e-01
3.036883211135864258e+01,7.425224848358084051e-01,7.217180883242588774e-01
2.988672208786010742e+01,7.452415812591508537e-01,7.277676950998185346e-01
2.836204743385314941e+01,7.427316460991424396e-01,7.247428917120387615e-01
2.919518828392028809e+01,7.483790002091612603e-01,7.247428917120387615e-01
2.923423814773559570e+01,7.400125496757999910e-01,7.332123411978221927e-01
2.865053224563598633e+01,7.510980966325037089e-01,7.199032062915909913e-01
2.859053325653076172e+01,7.458690650491528462e-01,7.301875378100423086e-01
2.843523216247558594e+01,7.515164191591716669e-01,7.229280096793708754e-01
2.843653011322021484e+01,7.395942271491320330e-01,7.320024198427101947e-01
2.911781001091003418e+01,7.561179669525204261e-01,7.156684815486993312e-01
2.938969373703002930e+01,7.412675172558041981e-01,7.338173018753780807e-01
2.866097164154052734e+01,7.506797741058356399e-01,7.217180883242588774e-01
2.846726775169372559e+01,7.368751307257895844e-01,7.380520266182698519e-01
2.814982676506042480e+01,7.502614515791675709e-01,7.247428917120387615e-01
2.814768218994140625e+01,7.425224848358084051e-01,7.338173018753780807e-01
2.837493729591369629e+01,7.404308722024680600e-01,7.307924984875983077e-01
2.846003913879394531e+01,7.460782263124868807e-01,7.344222625529340798e-01
2.859904742240905762e+01,7.450324199958168192e-01,7.301875378100423086e-01
2.995072937011718750e+01,7.423133235724743706e-01,7.332123411978221927e-01
3.005404329299926758e+01,7.481698389458272258e-01,7.241379310344827624e-01
2.924504017829895020e+01,7.352018406191173083e-01,7.374470659407138529e-01
2.903710889816284180e+01,7.519347416858397359e-01,7.247428917120387615e-01
2.939516901969909668e+01,7.460782263124868807e-01,7.320024198427101947e-01
3.047945809364318848e+01,7.502614515791675709e-01,7.229280096793708754e-01
3.016985130310058594e+01,7.414766785191382326e-01,7.380520266182698519e-01
2.977027130126953125e+01,7.544446768458481500e-01,7.259528130671506485e-01
3.053136801719665527e+01,7.379209370424597569e-01,7.386569872958257399e-01
2.988542318344116211e+01,7.456599037858188117e-01,7.259528130671506485e-01
2.898437905311584473e+01,7.383392595691278260e-01,7.386569872958257399e-01
2.933624601364135742e+01,7.502614515791675709e-01,7.265577737447066475e-01
2.894757223129272461e+01,7.379209370424597569e-01,7.422867513611615120e-01
2.867259311676025391e+01,7.425224848358084051e-01,7.283726557773744226e-01
3.517968010902404785e+01,7.429408073624764741e-01,7.362371445856019658e-01
3.841427588462829590e+01,7.427316460991424396e-01,7.326073805202661937e-01
3.475007772445678711e+01,7.408491947291361290e-01,7.338173018753780807e-01
4.039211797714233398e+01,7.398033884124659565e-01,7.392619479733817389e-01
3.889456892013549805e+01,7.366659694624555499e-01,7.428917120387175110e-01
3.271334862709045410e+01,7.464965488391549497e-01,7.368421052631578538e-01
3.231865072250366211e+01,7.333193892491111088e-01,7.386569872958257399e-01
3.239581012725830078e+01,7.550721606358502536e-01,7.162734422262553302e-01
3.205204224586486816e+01,7.368751307257895844e-01,7.368421052631578538e-01
3.442375421524047852e+01,7.433591298891445431e-01,7.283726557773744226e-01
3.695378899574279785e+01,7.368751307257895844e-01,7.380520266182698519e-01
3.390749192237854004e+01,7.421041623091403361e-01,7.313974591651543067e-01
3.463022708892822266e+01,7.375026145157916879e-01,7.374470659407138529e-01
3.635413694381713867e+01,7.425224848358084051e-01,7.380520266182698519e-01
3.704825973510742188e+01,7.414766785191382326e-01,7.301875378100423086e-01
3.596892881393432617e+01,7.410583559924701635e-01,7.356321839080459668e-01
3.414489006996154785e+01,7.448232587324827847e-01,7.307924984875983077e-01
3.564357328414916992e+01,7.448232587324827847e-01,7.307924984875983077e-01
5.281994438171386719e+01,7.352018406191173083e-01,7.422867513611615120e-01
5.096263480186462402e+01,7.446140974691487502e-01,7.380520266182698519e-01
3.382700395584106445e+01,7.354110018824513428e-01,7.434966727162733990e-01
3.510651826858520508e+01,7.370842919891236189e-01,7.392619479733817389e-01
3.474701666831970215e+01,7.362476469357874809e-01,7.368421052631578538e-01
3.360521554946899414e+01,7.360384856724534464e-01,7.386569872958257399e-01
3.293477463722229004e+01,7.404308722024680600e-01,7.356321839080459668e-01
3.314872980117797852e+01,7.398033884124659565e-01,7.313974591651543067e-01
3.523176097869873047e+01,7.362476469357874809e-01,7.362371445856019658e-01
3.555487918853759766e+01,7.343651955657811703e-01,7.356321839080459668e-01
3.526067233085632324e+01,7.423133235724743706e-01,7.289776164549304216e-01
3.331993627548217773e+01,7.318552604057728672e-01,7.453115547489412851e-01
3.283255624771118164e+01,7.402217109391340255e-01,7.320024198427101947e-01
3.358488631248474121e+01,7.356201631457853773e-01,7.326073805202661937e-01
3.244853329658508301e+01,7.421041623091403361e-01,7.326073805202661937e-01

 this is run 6
1.730117106437683105e+01,7.464965488391549497e-01,6.091954022988506079e-01
3.249653315544128418e+01,6.923237816356411223e-01,7.162734422262553302e-01
3.206298804283142090e+01,7.408491947291361290e-01,6.950998185117966965e-01
3.498061084747314453e+01,7.546538381091821845e-01,6.975196612220205816e-01
3.261320495605468750e+01,7.448232587324827847e-01,7.071990320629158999e-01
3.073065423965454102e+01,7.475423551558251223e-01,7.041742286751361268e-01
3.411291337013244629e+01,7.444049362058147157e-01,7.053841500302480139e-01
3.392827630043029785e+01,7.531897092658439430e-01,7.011494252873563537e-01
3.271937990188598633e+01,7.406400334658020945e-01,7.180883242589232163e-01
3.476002287864685059e+01,7.613469985358711778e-01,7.035692679975801278e-01
3.550884008407592773e+01,7.473331938924910878e-01,7.071990320629158999e-01
3.496665692329406738e+01,7.506797741058356399e-01,7.090139140955837860e-01
3.473353171348571777e+01,7.471240326291570533e-01,7.114337568058076711e-01
3.382706785202026367e+01,7.487973227358293293e-01,7.138535995160314451e-01
3.472963619232177734e+01,7.393850658857979985e-01,7.223230490018148764e-01
3.597360825538635254e+01,7.506797741058356399e-01,7.114337568058076711e-01
3.596877312660217285e+01,7.460782263124868807e-01,7.150635208711433322e-01
3.716481900215148926e+01,7.531897092658439430e-01,7.053841500302480139e-01
4.157855391502380371e+01,7.391759046224639640e-01,7.192982456140351033e-01
4.245867466926574707e+01,7.467057101024889842e-01,7.138535995160314451e-01
3.430952668190002441e+01,7.358293244091194119e-01,7.217180883242588774e-01
3.098801088333129883e+01,7.533988705291779775e-01,7.023593466424682408e-01
3.102208495140075684e+01,7.387575820957958950e-01,7.217180883242588774e-01
2.890944695472717285e+01,7.456599037858188117e-01,7.174833635813672172e-01
2.885705780982971191e+01,7.427316460991424396e-01,7.174833635813672172e-01
2.924378681182861328e+01,7.414766785191382326e-01,7.211131276467029894e-01
2.976564002037048340e+01,7.416858397824722671e-01,7.162734422262553302e-01
3.007846903800964355e+01,7.385484208324618605e-01,7.283726557773744226e-01
3.256770777702331543e+01,7.379209370424597569e-01,7.211131276467029894e-01
3.660293459892272949e+01,7.423133235724743706e-01,7.150635208711433322e-01
3.436229968070983887e+01,7.450324199958168192e-01,7.144585601935874442e-01
2.986842894554138184e+01,7.372934532524576534e-01,7.253478523895946495e-01
2.936747097969055176e+01,7.385484208324618605e-01,7.253478523895946495e-01
2.907994294166564941e+01,7.418950010458063016e-01,7.180883242589232163e-01
3.475741529464721680e+01,7.358293244091194119e-01,7.265577737447066475e-01
3.700104045867919922e+01,7.435682911524785776e-01,7.199032062915909913e-01
3.482050132751464844e+01,7.381300983057937914e-01,7.241379310344827624e-01
3.514302802085876465e+01,7.485881614724952948e-01,7.144585601935874442e-01
3.218760585784912109e+01,7.425224848358084051e-01,7.156684815486993312e-01
3.214847278594970703e+01,7.421041623091403361e-01,7.199032062915909913e-01
5.138744258880615234e+01,7.375026145157916879e-01,7.235329703569267634e-01
5.539995861053466797e+01,7.433591298891445431e-01,7.192982456140351033e-01
4.478285098075866699e+01,7.379209370424597569e-01,7.199032062915909913e-01
3.919738411903381348e+01,7.496339677891654674e-01,7.084089534180277870e-01
3.820143675804138184e+01,7.377117757791257224e-01,7.301875378100423086e-01
4.001056194305419922e+01,7.475423551558251223e-01,7.108287961282516720e-01
3.836326527595520020e+01,7.379209370424597569e-01,7.271627344222625355e-01
3.813497114181518555e+01,7.487973227358293293e-01,7.132486388384754461e-01
3.925973320007324219e+01,7.354110018824513428e-01,7.289776164549304216e-01
4.086789822578430176e+01,7.510980966325037089e-01,7.144585601935874442e-01
3.545298123359680176e+01,7.431499686258105086e-01,7.223230490018148764e-01
3.602677226066589355e+01,7.389667433591299295e-01,7.253478523895946495e-01
3.739028906822204590e+01,7.454507425224848882e-01,7.162734422262553302e-01
3.868260908126831055e+01,7.456599037858188117e-01,7.162734422262553302e-01
3.962936186790466309e+01,7.469148713658230188e-01,7.186932849364791043e-01
3.843505382537841797e+01,7.408491947291361290e-01,7.186932849364791043e-01
3.820723414421081543e+01,7.339468730391131013e-01,7.320024198427101947e-01
3.791851425170898438e+01,7.398033884124659565e-01,7.253478523895946495e-01
3.606033110618591309e+01,7.473331938924910878e-01,7.217180883242588774e-01
3.774235415458679199e+01,7.395942271491320330e-01,7.283726557773744226e-01
3.999844431877136230e+01,7.448232587324827847e-01,7.271627344222625355e-01
3.860821032524108887e+01,7.364568081991215154e-01,7.326073805202661937e-01
3.740677213668823242e+01,7.517255804225057014e-01,7.199032062915909913e-01
3.657957601547241211e+01,7.414766785191382326e-01,7.259528130671506485e-01
3.870903229713439941e+01,7.356201631457853773e-01,7.338173018753780807e-01
4.115088915824890137e+01,7.364568081991215154e-01,7.265577737447066475e-01
3.857870912551879883e+01,7.400125496757999910e-01,7.211131276467029894e-01
3.648035812377929688e+01,7.331102279857770743e-01,7.320024198427101947e-01
3.704669570922851562e+01,7.490064839991633638e-01,7.223230490018148764e-01
3.637313389778137207e+01,7.339468730391131013e-01,7.326073805202661937e-01
3.583749604225158691e+01,7.421041623091403361e-01,7.247428917120387615e-01
3.775901198387145996e+01,7.471240326291570533e-01,7.247428917120387615e-01
3.762544488906860352e+01,7.410583559924701635e-01,7.277676950998185346e-01
3.859739899635314941e+01,7.456599037858188117e-01,7.192982456140351033e-01
4.137259507179260254e+01,7.339468730391131013e-01,7.326073805202661937e-01
4.183044576644897461e+01,7.439866136791466467e-01,7.253478523895946495e-01
4.119238901138305664e+01,7.425224848358084051e-01,7.247428917120387615e-01
4.857746315002441406e+01,7.372934532524576534e-01,7.326073805202661937e-01
4.841282200813293457e+01,7.452415812591508537e-01,7.223230490018148764e-01
3.518240690231323242e+01,7.326919054591090052e-01,7.374470659407138529e-013.249416739940643311e+02,7.632294499058773773e-01,6.757410768300060600e-01,
6.366845397949218750e+02,7.347835180924492393e-01,7.114337568058076711e-01,
3.995720481872558594e+02,7.525622254758418395e-01,6.872353297035692643e-01,
2.648798227310180664e+02,7.569546120058565641e-01,6.981246218995765807e-01,
2.126645817756652832e+02,7.611378372725371433e-01,7.108287961282516720e-01,
6.874163720607757568e+02,7.360384856724534464e-01,7.320024198427101947e-01,
1.333272027969360352e+03,7.567454507425225296e-01,6.999395039322443557e-01,
7.606326169967651367e+02,7.469148713658230188e-01,6.963097398669086946e-01,
3.436948409080505371e+02,7.266262288224221155e-01,6.848154869933453792e-01,
3.774146270751953125e+02,7.559088056891863916e-01,6.884452510586811513e-01,
7.598125030994415283e+02,7.389667433591299295e-01,7.307924984875983077e-01,
7.356817197799682617e+02,7.444049362058147157e-01,7.247428917120387615e-01,
6.515088937282562256e+02,7.462873875758209152e-01,7.156684815486993312e-01,
6.014702949523925781e+02,7.431499686258105086e-01,7.162734422262553302e-01,
6.186996419429779053e+02,7.475423551558251223e-01,7.174833635813672172e-01,
3.540331609249114990e+02,7.617653210625392468e-01,7.011494252873563537e-01,
7.127667398452758789e+02,7.412675172558041981e-01,7.199032062915909913e-01,
